[240,19,20,21,22,62,102,101,100,99,139,140,180,179,178,177,217,218,219,220,221,181,141,142,143,103,63,23,241,3,2,42,82,122,123,124,125,165,164,163,162,161,160,120,121,81,80,79,78,77,76,36,37,38,242,27,26,66,105,145,185,186,187,188,228,227,226,225,224,223,222,182,183,184,144,104,65,25,24,244,4,5,6,47,87,127,167,207,208,209,210,211,212,213,173,172,171,170,169,168,128,88,48,49,9,243,33,32,72,112,152,192,193,194,234,233,232,231,230,229,189,190,191,151,110,109,108,107,67,68,29,30,31,249,16,56,55,54,53,52,92,93,94,95,96,97,58,59,60,61,64,106,146,147,148,149,150,111,71,70,69,28,246,50,51,91,90,89,129,130,131,132,133,134,135,175,174,214,215,216,176,136,137,138,98,57,18,17,245,35,75,74,114,115,116,117,118,158,157,197,198,238,237,236,235,195,196,156,155,154,153,113,73,34,247,15,14,13,12,11,10,248,8,7,46,45,44,43,83,84,85,86,126,166,206,205,204,203,202,201,200,239,199,159,119,40,41,1,0,39]



[19,20,21,22,62,102,101,100,99,139,140,180,179,178,177,217,218,219,220,221,181,141,142,143,103,63,23,241,3,2,42,82,122,123,124,125,165,164,163,162,161,160,120,121,81,80,79,78,77,76,36,37,38,242,27,26,66,105,145,185,186,187,188,228,227,226,225,224,223,222,182,183,184,144,104,65,25,24,244,4,5,6,47,87,127,167,207,208,209,210,211,212,213,173,172,171,170,169,168,128,88,48,49,9,243,33,32,72,112,152,192,193,194,234,233,232,231,230,229,189,190,191,151,110,109,108,107,67,68,29,30,31,240,16,56,55,54,53,52,92,93,94,95,96,97,58,59,60,61,64,106,146,147,148,149,150,111,71,70,69,28,246,50,51,91,90,89,129,130,131,132,133,134,135,175,174,214,215,216,176,136,137,138,98,57,18,17,245,35,75,74,114,115,116,117,118,158,157,197,198,238,237,236,235,195,196,156,155,154,153,113,73,34,247,15,14,13,12,11,10,248,8,7,46,45,44,43,83,84,85,86,126,166,206,205,204,203,202,201,200,239,199,159,119,40,41,1,0,39]












CALCULANDO UNA SOLUCION ENCONTRADA

MENSAJE ENVIADO: {"type":"NEXT_STEP","id":456,"sourceId":0,"destinyId":"::ffff:127.0.0.1:56948","error":null,"data":{"RE
PLACEMENTS":[{"indiv":{"chromosome":{"alleles":[19,1,21,17,62,42,101,81,99,139,140,120,179,197,177,238,202,219,220,200,1
80,160,137,143,103,2,241,23,38,76,102,82,98,123,155,125,165,164,184,162,161,181,141,121,100,80,79,78,77,16,36,37,3,242,2
7,26,66,105,145,185,186,192,188,228,227,226,225,224,236,203,182,183,163,144,104,65,75,24,244,4,5,6,47,87,113,167,207,213
,229,209,211,212,208,173,172,191,171,169,168,128,88,69,49,9,8,33,246,92,112,152,187,193,194,234,233,232,231,230,210,189,
190,170,151,89,109,108,107,67,68,29,30,31,240,44,56,55,54,53,52,72,93,94,95,96,57,58,59,60,61,64,106,86,147,148,149,150,
111,71,70,48,28,243,50,51,91,90,110,129,130,131,132,133,134,135,175,174,166,215,235,176,136,158,138,122,97,18,22,245,25,
35,74,114,115,116,117,118,142,157,178,198,217,237,223,216,195,196,156,124,154,153,127,73,34,247,15,14,13,12,11,10,248,32
,7,46,45,63,43,83,84,85,146,126,214,206,205,204,222,218,201,221,239,199,159,119,40,41,20,0,39]},"fitness":-4745.19691457
9014},"pos":48}],"TASK_TYPE":"NEXT_STEP","ALGORITHM_TYPE":"CVRP"},"timeSent":1481850796664}



[[20,2,22,18,63,43,102,82,100,140,141,121,180,198,178,239,203,220,221,201,181,161,138,144,104,3],[24,39,77,103,83,99,124,156,126,166,165,185,163,162,182,142,122,101,81,80,79,78,17,37,38,4],[28,27,67,106,146,186,187,193,189,229,228,227,226,225,237,204,183,184,164,145,105,66,76,25],[5,6,7,48,88,114,168,208,214,230,210,212,213,209,174,173,192,172,170,169,129,89,70,50,10,9,34],[93,113,153,188,194,195,235,234,233,232,231,211,190,191,171,152,90,110,109,108,68,69,30,31,32],[45,57,56,55,54,53,73,94,95,96,97,58,59,60,61,62,65,107,87,148,149,150,151,112,72,71,49,29],[51,52,92,91,111,130,131,132,133,134,135,136,176,175,167,216,236,177,137,159,139,123,98,19,23],[26,36,75,115,116,117,118,119,143,158,179,199,218,238,224,217,196,197,157,125,155,154,128,74,35],[16,15,14,13,12,11],[33,8,47,46,64,44,84,85,86,147,127,215,207,206,205,223,219,202,222,240,200,160,120,41,42,21,1,40]]




[[0,20,2,22,18,63,43,102,82,100,140,141,121,180,198,178,239,203,220,221,201,181,161,138,144,104,3,0],[0,24,39,77,103,83,99,124,156,126,166,165,185,163,162,182,142,122,101,81,80,79,78,17,37,38,4,0],[0,28,27,67,106,146,186,187,193,189,229,228,227,226,225,237,204,183,184,164,145,105,66,76,25,0],[0,5,6,7,48,88,114,168,208,214,230,210,212,213,209,174,173,192,172,170,169,129,89,70,50,10,9,34,0],[0,93,113,153,188,194,195,235,234,233,232,231,211,190,191,171,152,90,110,109,108,68,69,30,31,32,0],[0,45,57,56,55,54,53,73,94,95,96,97,58,59,60,61,62,65,107,87,148,149,150,151,112,72,71,49,29,0],[0,51,52,92,91,111,130,131,132,133,134,135,136,176,175,167,216,236,177,137,159,139,123,98,19,23,0],[0,26,36,75,115,116,117,118,119,143,158,179,199,218,238,224,217,196,197,157,125,155,154,128,74,35,0],[0,16,15,14,13,12,11,0],[0,33,8,47,46,64,44,84,85,86,147,127,215,207,206,205,223,219,202,222,240,200,160,120,41,42,21,1,40,0]]



ME SALE 5165.196939915389 ALGOO FALLA









MENSAJE RECIBIDO= {"type":"NEXT_STEP","id":"-73","sourceId":"::1:61044","destinyId":0,"error":null,"data":{"chromosome":
{"alleles":[19,20,21,22,62,102,101,100,99,139,140,180,179,178,177,217,218,219,220,221,181,141,142,143,103,63,23,241,3,2,
42,82,122,123,124,125,165,164,163,162,161,160,120,121,81,80,79,78,77,61,36,37,38,242,14,26,66,105,145,185,186,187,188,22
8,227,226,225,224,223,222,182,183,184,144,104,65,25,24,244,4,5,6,47,87,127,167,207,208,209,210,211,212,213,173,172,171,1
70,190,168,128,88,48,49,9,243,33,32,72,112,152,192,193,194,234,233,232,231,230,229,189,169,191,151,110,109,108,92,67,34,
29,30,31,240,16,56,55,54,53,52,107,93,94,95,96,97,58,59,60,76,64,106,146,147,148,149,150,90,71,70,69,28,246,50,51,91,111
,89,129,130,131,132,133,134,135,175,174,166,215,216,176,136,137,138,98,57,18,17,245,35,75,74,114,115,116,117,118,158,157
,197,198,238,237,236,235,195,196,156,155,154,153,113,73,68,247,15,27,13,12,11,10,248,8,7,46,45,44,43,83,84,85,86,126,214
,206,205,204,203,202,201,200,239,199,159,119,40,41,1,0,39]},"fitness":-5356.7701144939465,"routeTime":5356.7701144939465
,"totalItems":4800,"routeItems":520},"timeSent":1481854621476}


[[20,21,22,23,63,103,102,101,100,140,141,181,180,179,178,218,219,220,221,222,182,142,143,144,104,64,24],[4,3,43,83,123,124,125,126,166,165,164,163,162,161,121,122,82,81,80,79,78,62,37,38,39],[15,27,67,106,146,186,187,188,189,229,228,227,226,225,224,223,183,184,185,145,105,66,26,25],[5,6,7,48,88,128,168,208,209,210,211,212,213,214,174,173,172,171,191,169,129,89,49,50,10],[34,33,73,113,153,193,194,195,235,234,233,232,231,230,190,170,192,152,111,110,109,93,68,35,30,31,32],[17,57,56,55,54,53,108,94,95,96,97,98,59,60,61,77,65,107,147,148,149,150,151,91,72,71,70,29],[51,52,92,112,90,130,131,132,133,134,135,136,176,175,167,216,217,177,137,138,139,99,58,19,18],[36,76,75,115,116,117,118,119,159,158,198,199,239,238,237,236,196,197,157,156,155,154,114,74,69],[16,28,14,13,12,11],[9,8,47,46,45,44,84,85,86,87,127,215,207,206,205,204,203,202,201,240,200,160,120,41,42,2,1,40]]



[[241,20,21,22,23,63,103,102,101,100,140,141,181,180,179,178,218,219,220,221,222,182,142,143,144,104,64,24,241],[241,4,3,43,83,123,124,125,126,166,165,164,163,162,161,121,122,82,81,80,79,78,62,37,38,39,241],[241,15,27,67,106,146,186,187,188,189,229,228,227,226,225,224,223,183,184,185,145,105,66,26,25,241],[241,5,6,7,48,88,128,168,208,209,210,211,212,213,214,174,173,172,171,191,169,129,89,49,50,10,241],[241,34,33,73,113,153,193,194,195,235,234,233,232,231,230,190,170,192,152,111,110,109,93,68,35,30,31,32,241],[241,17,57,56,55,54,53,108,94,95,96,97,98,59,60,61,77,65,107,147,148,149,150,151,91,72,71,70,29,241],[241,51,52,92,112,90,130,131,132,133,134,135,136,176,175,167,216,217,177,137,138,139,99,58,19,18,241],[241,36,76,75,115,116,117,118,119,159,158,198,199,239,238,237,236,196,197,157,156,155,154,114,74,69,241],[241,16,28,14,13,12,11,241],[241,9,8,47,46,45,44,84,85,86,87,127,215,207,206,205,204,203,202,201,240,200,160,120,41,42,2,1,40,241]]



5686.770194851898




MENSAJE RECIBIDO= {"type":"NEXT_STEP","id":"-314","sourceId":"::1:62664","destinyId":0,"error":null,"data":{"chromosome"
:{"alleles":[19,20,21,22,62,102,101,81,99,139,140,180,179,178,198,238,218,219,220,200,181,141,157,143,103,77,35,245,3,2,
42,82,122,123,124,185,165,164,184,162,161,160,120,121,100,80,79,78,76,6,36,37,38,242,27,12,66,105,145,125,186,187,188,22
8,227,226,225,224,223,222,182,183,163,144,104,57,25,24,244,4,5,114,113,153,127,167,173,208,209,210,211,212,213,233,172,1
71,170,169,152,132,88,69,29,9,243,33,46,72,112,168,192,193,194,234,207,232,231,229,230,190,189,191,151,129,109,108,107,6
7,68,49,11,31,240,16,56,55,54,53,52,92,93,94,95,116,97,58,59,60,61,64,106,146,147,148,149,150,111,71,70,48,7,246,50,51,9
1,90,89,110,130,131,128,133,134,135,175,174,206,166,126,86,85,84,83,43,44,45,32,28,8,248,10,30,26,13,14,15,247,34,73,47,
87,154,155,176,196,195,235,205,237,217,177,197,142,158,118,117,96,115,65,74,75,23,241,17,18,63,98,138,137,136,156,216,21
5,214,236,204,203,202,201,221,239,199,159,119,40,41,1,0,39]},"fitness":-5400.758501655206,"routeTime":5400.758501655206,
"totalItems":4800,"routeItems":480},"timeSent":1481856194157}


[20,21,22,23,63,103,102,82,100,140,141,181,180,179,199,239,219,220,221,201,182,142,158,144,104,78,36,246,4,3,43,83,123,124,125,186,166,165,185,163,162,161,121,122,101,81,80,79,77,7,37,38,39,243,28,13,67,106,146,126,187,188,189,229,228,227,226,225,224,223,183,184,164,145,105,58,26,25,245,5,6,115,114,154,128,168,174,209,210,211,212,213,214,234,173,172,171,170,153,133,89,70,30,10,244,34,47,73,113,169,193,194,195,235,208,233,232,230,231,191,190,192,152,130,110,109,108,68,69,50,12,32,241,17,57,56,55,54,53,93,94,95,96,117,98,59,60,61,62,65,107,147,148,149,150,151,112,72,71,49,8,247,51,52,92,91,90,111,131,132,129,134,135,136,176,175,207,167,127,87,86,85,84,44,45,46,33,29,9,249,11,31,27,14,15,16,248,35,74,48,88,155,156,177,197,196,236,206,238,218,178,198,143,159,119,118,97,116,66,75,76,24,242,18,19,64,99,139,138,137,157,217,216,215,237,205,204,203,202,222,240,200,160,120,41,42,2,1,40]


[[241,20,21,22,23,63,103,102,82,100,140,141,181,180,179,199,239,219,220,221,201,182,142,158,144,104,78,36,241],[241,4,3,43,83,123,124,125,186,166,165,185,163,162,161,121,122,101,81,80,79,77,7,37,38,39,241],[241,28,13,67,106,146,126,187,188,189,229,228,227,226,225,224,223,183,184,164,145,105,58,26,25,241],[241,5,6,115,114,154,128,168,174,209,210,211,212,213,214,234,173,172,171,170,153,133,89,70,30,10,241],[241,34,47,73,113,169,193,194,195,235,208,233,232,230,231,191,190,192,152,130,110,109,108,68,69,50,12,32,241],[241,17,57,56,55,54,53,93,94,95,96,117,98,59,60,61,62,65,107,147,148,149,150,151,112,72,71,49,8,241],[241,51,52,92,91,90,111,131,132,129,134,135,136,176,175,207,167,127,87,86,85,84,44,45,46,33,29,9,241],[241,11,31,27,14,15,16,241],[241,35,74,48,88,155,156,177,197,196,236,206,238,218,178,198,143,159,119,118,97,116,66,75,76,24,241],[241,18,19,64,99,139,138,137,157,217,216,215,237,205,204,203,202,222,240,200,160,120,41,42,2,1,40,241]]



5400.758501655206




MENSAJE RECIBIDO= {"type":"NEXT_STEP","id":"-1002","sourceId":"::1:62960","destinyId":0,"error":null,"data":{"chromosome
":{"alleles":[39,20,21,22,61,119,80,100,99,120,140,180,199,178,238,222,218,219,239,221,181,141,142,138,103,63,23,246,3,2
,77,82,118,143,195,175,165,164,184,197,161,179,121,139,81,101,59,78,42,62,36,37,38,245,34,26,66,95,145,185,186,187,188,2
07,227,226,225,224,236,216,177,183,163,144,104,65,75,24,244,4,5,35,87,113,133,172,212,208,209,210,230,228,213,173,167,17
1,170,190,168,192,88,49,71,9,243,33,27,53,109,153,147,193,194,166,233,232,231,211,229,189,169,191,151,89,112,108,47,67,6
8,29,10,31,240,16,55,45,54,72,48,92,93,94,105,85,115,58,40,60,76,64,106,86,114,97,83,43,44,56,46,25,248,30,11,12,8,6,14,
15,247,32,73,107,146,154,155,124,196,176,203,223,217,162,198,182,157,158,122,117,116,84,96,74,13,7,242,17,18,57,98,123,1
37,156,136,235,215,205,174,125,135,134,126,128,131,149,129,130,150,52,51,69,241,28,50,70,91,111,110,90,148,132,152,127,2
34,206,214,204,237,202,201,200,220,160,159,102,79,41,1,0,19]},"fitness":-4789.231953593944,"routeTime":4789.231953593944
,"totalItems":4800,"routeItems":540},"timeSent":1481856728764}


[40,21,22,23,62,120,81,101,100,121,141,181,200,179,239,223,219,220,240,222,182,142,143,139,104,64,24,247,4,3,78,83,119,144,196,176,166,165,185,198,162,180,122,140,82,102,60,79,43,63,37,38,39,246,35,27,67,96,146,186,187,188,189,208,228,227,226,225,237,217,178,184,164,145,105,66,76,25,245,5,6,36,88,114,134,173,213,209,210,211,231,229,214,174,168,172,171,191,169,193,89,50,72,10,244,34,28,54,110,154,148,194,195,167,234,233,232,212,230,190,170,192,152,90,113,109,48,68,69,30,11,32,241,17,56,46,55,73,49,93,94,95,106,86,116,59,41,61,77,65,107,87,115,98,84,44,45,57,47,26,249,31,12,13,9,7,15,16,248,33,74,108,147,155,156,125,197,177,204,224,218,163,199,183,158,159,123,118,117,85,97,75,14,8,243,18,19,58,99,124,138,157,137,236,216,206,175,126,136,135,127,129,132,150,130,131,151,53,52,70,242,29,51,71,92,112,111,91,149,133,153,128,235,207,215,205,238,203,202,201,221,161,160,103,80,42,2,1,20]

[[40,21,22,23,62,120,81,101,100,121,141,181,200,179,239,223,219,220,240,222,182,142,143,139,104,64,24],[4,3,78,83,119,144,196,176,166,165,185,198,162,180,122,140,82,102,60,79,43,63,37,38,39],[35,27,67,96,146,186,187,188,189,208,228,227,226,225,237,217,178,184,164,145,105,66,76,25],[5,6,36,88,114,134,173,213,209,210,211,231,229,214,174,168,172,171,191,169,193,89,50,72,10],[34,28,54,110,154,148,194,195,167,234,233,232,212,230,190,170,192,152,90,113,109,48,68,69,30,11,32],[17,56,46,55,73,49,93,94,95,106,86,116,59,41,61,77,65,107,87,115,98,84,44,45,57,47,26],[31,12,13,9,7,15,16],[33,74,108,147,155,156,125,197,177,204,224,218,163,199,183,158,159,123,118,117,85,97,75,14,8],[18,19,58,99,124,138,157,137,236,216,206,175,126,136,135,127,129,132,150,130,131,151,53,52,70],[29,51,71,92,112,111,91,149,133,153,128,235,207,215,205,238,203,202,201,221,161,160,103,80,42,2,1,20]]

[[241,40,21,22,23,62,120,81,101,100,121,141,181,200,179,239,223,219,220,240,222,182,142,143,139,104,64,24,241],[241,4,3,78,83,119,144,196,176,166,165,185,198,162,180,122,140,82,102,60,79,43,63,37,38,39,241],[241,35,27,67,96,146,186,187,188,189,208,228,227,226,225,237,217,178,184,164,145,105,66,76,25,241],[241,5,6,36,88,114,134,173,213,209,210,211,231,229,214,174,168,172,171,191,169,193,89,50,72,10,241],[241,34,28,54,110,154,148,194,195,167,234,233,232,212,230,190,170,192,152,90,113,109,48,68,69,30,11,32,241],[241,17,56,46,55,73,49,93,94,95,106,86,116,59,41,61,77,65,107,87,115,98,84,44,45,57,47,26,241],[241,31,12,13,9,7,15,16,241],[241,33,74,108,147,155,156,125,197,177,204,224,218,163,199,183,158,159,123,118,117,85,97,75,14,8,241],[241,18,19,58,99,124,138,157,137,236,216,206,175,126,136,135,127,129,132,150,130,131,151,53,52,70,241],[241,29,51,71,92,112,111,91,149,133,153,128,235,207,215,205,238,203,202,201,221,161,160,103,80,42,2,1,20,241]]


4789.231953593944
